25
0.0 55.33630980496191 120.23870645614815 111.27617422967072 65.70095390900187 65.70095390900187 89.50320044862131 55.33630980496191 138.8429811819213 120.23870645614815 138.8429811819213 111.27617422967072 55.33630980496191 89.50320044862131 111.27617422967072 111.27617422967072 120.23870645614815 138.8429811819213 89.50320044862131 89.50320044862131 138.8429811819213 55.33630980496191 111.27617422967072 138.8429811819213 120.23870645614815
55.33630980496191 0.0 138.8429811819213 65.70095390900187 55.33630980496191 55.33630980496191 120.23870645614815 89.50320044862131 138.8429811819213 55.33630980496191 120.23870645614815 120.23870645614815 111.27617422967072 89.50320044862131 111.27617422967072 138.8429811819213 120.23870645614815 55.33630980496191 89.50320044862131 120.23870645614815 138.8429811819213 138.8429811819213 55.33630980496191 89.50320044862131 111.27617422967072
120.23870645614815 138.8429811819213 0.0 65.70095390900187 111.27617422967072 111.27617422967072 55.33630980496191 55.33630980496191 120.23870645614815 65.70095390900187 111.27617422967072 120.23870645614815 120.23870645614815 65.70095390900187 65.70095390900187 138.8429811819213 65.70095390900187 111.27617422967072 111.27617422967072 120.23870645614815 65.70095390900187 55.33630980496191 89.50320044862131 65.70095390900187 55.33630980496191
111.27617422967072 65.70095390900187 65.70095390900187 0.0 120.23870645614815 120.23870645614815 111.27617422967072 65.70095390900187 65.70095390900187 55.33630980496191 55.33630980496191 111.27617422967072 89.50320044862131 111.27617422967072 55.33630980496191 111.27617422967072 55.33630980496191 138.8429811819213 65.70095390900187 111.27617422967072 111.27617422967072 65.70095390900187 55.33630980496191 138.8429811819213 89.50320044862131
65.70095390900187 55.33630980496191 111.27617422967072 120.23870645614815 0.0 65.70095390900187 138.8429811819213 65.70095390900187 138.8429811819213 55.33630980496191 111.27617422967072 65.70095390900187 120.23870645614815 138.8429811819213 138.8429811819213 111.27617422967072 55.33630980496191 55.33630980496191 55.33630980496191 89.50320044862131 55.33630980496191 138.8429811819213 138.8429811819213 111.27617422967072 55.33630980496191
65.70095390900187 55.33630980496191 111.27617422967072 120.23870645614815 65.70095390900187 0.0 65.70095390900187 89.50320044862131 89.50320044862131 89.50320044862131 89.50320044862131 89.50320044862131 89.50320044862131 111.27617422967072 65.70095390900187 65.70095390900187 65.70095390900187 65.70095390900187 65.70095390900187 138.8429811819213 138.8429811819213 65.70095390900187 120.23870645614815 120.23870645614815 138.8429811819213
89.50320044862131 120.23870645614815 55.33630980496191 111.27617422967072 138.8429811819213 65.70095390900187 0.0 89.50320044862131 89.50320044862131 111.27617422967072 111.27617422967072 138.8429811819213 55.33630980496191 65.70095390900187 65.70095390900187 55.33630980496191 89.50320044862131 120.23870645614815 138.8429811819213 55.33630980496191 111.27617422967072 89.50320044862131 138.8429811819213 138.8429811819213 111.27617422967072
55.33630980496191 89.50320044862131 55.33630980496191 65.70095390900187 65.70095390900187 89.50320044862131 89.50320044862131 0.0 120.23870645614815 55.33630980496191 89.50320044862131 120.23870645614815 120.23870645614815 138.8429811819213 120.23870645614815 55.33630980496191 120.23870645614815 120.23870645614815 120.23870645614815 120.23870645614815 65.70095390900187 111.27617422967072 138.8429811819213 55.33630980496191 65.70095390900187
138.8429811819213 138.8429811819213 120.23870645614815 65.70095390900187 138.8429811819213 89.50320044862131 89.50320044862131 120.23870645614815 0.0 138.8429811819213 89.50320044862131 89.50320044862131 65.70095390900187 89.50320044862131 55.33630980496191 138.8429811819213 65.70095390900187 111.27617422967072 55.33630980496191 120.23870645614815 65.70095390900187 89.50320044862131 120.23870645614815 111.27617422967072 55.33630980496191
120.23870645614815 55.33630980496191 65.70095390900187 55.33630980496191 55.33630980496191 89.50320044862131 111.27617422967072 55.33630980496191 138.8429811819213 0.0 138.8429811819213 55.33630980496191 55.33630980496191 89.50320044862131 138.8429811819213 138.8429811819213 111.27617422967072 120.23870645614815 138.8429811819213 89.50320044862131 138.8429811819213 138.8429811819213 89.50320044862131 111.27617422967072 120.23870645614815
138.8429811819213 120.23870645614815 111.27617422967072 55.33630980496191 111.27617422967072 89.50320044862131 111.27617422967072 89.50320044862131 89.50320044862131 138.8429811819213 0.0 120.23870645614815 55.33630980496191 65.70095390900187 138.8429811819213 55.33630980496191 111.27617422967072 138.8429811819213 138.8429811819213 65.70095390900187 55.33630980496191 138.8429811819213 138.8429811819213 138.8429811819213 55.33630980496191
111.27617422967072 120.23870645614815 120.23870645614815 111.27617422967072 65.70095390900187 89.50320044862131 138.8429811819213 120.23870645614815 89.50320044862131 55.33630980496191 120.23870645614815 0.0 55.33630980496191 111.27617422967072 111.27617422967072 138.8429811819213 111.27617422967072 65.70095390900187 89.50320044862131 65.70095390900187 120.23870645614815 89.50320044862131 111.27617422967072 65.70095390900187 55.33630980496191
55.33630980496191 111.27617422967072 120.23870645614815 89.50320044862131 120.23870645614815 89.50320044862131 55.33630980496191 120.23870645614815 65.70095390900187 55.33630980496191 55.33630980496191 55.33630980496191 0.0 138.8429811819213 65.70095390900187 138.8429811819213 120.23870645614815 89.50320044862131 89.50320044862131 120.23870645614815 138.8429811819213 120.23870645614815 120.23870645614815 138.8429811819213 111.27617422967072
89.50320044862131 89.50320044862131 65.70095390900187 111.27617422967072 138.8429811819213 111.27617422967072 65.70095390900187 138.8429811819213 89.50320044862131 89.50320044862131 65.70095390900187 111.27617422967072 138.8429811819213 0.0 89.50320044862131 65.70095390900187 65.70095390900187 120.23870645614815 55.33630980496191 120.23870645614815 120.23870645614815 120.23870645614815 120.23870645614815 65.70095390900187 111.27617422967072
111.27617422967072 111.27617422967072 65.70095390900187 55.33630980496191 138.8429811819213 65.70095390900187 65.70095390900187 120.23870645614815 55.33630980496191 138.8429811819213 138.8429811819213 111.27617422967072 65.70095390900187 89.50320044862131 0.0 120.23870645614815 111.27617422967072 111.27617422967072 65.70095390900187 55.33630980496191 120.23870645614815 55.33630980496191 138.8429811819213 111.27617422967072 89.50320044862131
111.27617422967072 138.8429811819213 138.8429811819213 111.27617422967072 111.27617422967072 65.70095390900187 55.33630980496191 55.33630980496191 138.8429811819213 138.8429811819213 55.33630980496191 138.8429811819213 138.8429811819213 65.70095390900187 120.23870645614815 0.0 55.33630980496191 111.27617422967072 138.8429811819213 120.23870645614815 138.8429811819213 65.70095390900187 138.8429811819213 65.70095390900187 120.23870645614815
120.23870645614815 120.23870645614815 65.70095390900187 55.33630980496191 55.33630980496191 65.70095390900187 89.50320044862131 120.23870645614815 65.70095390900187 111.27617422967072 111.27617422967072 111.27617422967072 120.23870645614815 65.70095390900187 111.27617422967072 55.33630980496191 0.0 120.23870645614815 65.70095390900187 120.23870645614815 55.33630980496191 111.27617422967072 111.27617422967072 138.8429811819213 111.27617422967072
138.8429811819213 55.33630980496191 111.27617422967072 138.8429811819213 55.33630980496191 65.70095390900187 120.23870645614815 120.23870645614815 111.27617422967072 120.23870645614815 138.8429811819213 65.70095390900187 89.50320044862131 120.23870645614815 111.27617422967072 111.27617422967072 120.23870645614815 0.0 89.50320044862131 65.70095390900187 138.8429811819213 65.70095390900187 120.23870645614815 120.23870645614815 89.50320044862131
89.50320044862131 89.50320044862131 111.27617422967072 65.70095390900187 55.33630980496191 65.70095390900187 138.8429811819213 120.23870645614815 55.33630980496191 138.8429811819213 138.8429811819213 89.50320044862131 89.50320044862131 55.33630980496191 65.70095390900187 138.8429811819213 65.70095390900187 89.50320044862131 0.0 120.23870645614815 120.23870645614815 65.70095390900187 89.50320044862131 111.27617422967072 120.23870645614815
89.50320044862131 120.23870645614815 120.23870645614815 111.27617422967072 89.50320044862131 138.8429811819213 55.33630980496191 120.23870645614815 120.23870645614815 89.50320044862131 65.70095390900187 65.70095390900187 120.23870645614815 120.23870645614815 55.33630980496191 120.23870645614815 120.23870645614815 65.70095390900187 120.23870645614815 0.0 120.23870645614815 111.27617422967072 120.23870645614815 111.27617422967072 120.23870645614815
138.8429811819213 138.8429811819213 65.70095390900187 111.27617422967072 55.33630980496191 138.8429811819213 111.27617422967072 65.70095390900187 65.70095390900187 138.8429811819213 55.33630980496191 120.23870645614815 138.8429811819213 120.23870645614815 120.23870645614815 138.8429811819213 55.33630980496191 138.8429811819213 120.23870645614815 120.23870645614815 0.0 111.27617422967072 138.8429811819213 120.23870645614815 89.50320044862131
55.33630980496191 138.8429811819213 55.33630980496191 65.70095390900187 138.8429811819213 65.70095390900187 89.50320044862131 111.27617422967072 89.50320044862131 138.8429811819213 138.8429811819213 89.50320044862131 120.23870645614815 120.23870645614815 55.33630980496191 65.70095390900187 111.27617422967072 65.70095390900187 65.70095390900187 111.27617422967072 111.27617422967072 0.0 120.23870645614815 120.23870645614815 89.50320044862131
111.27617422967072 55.33630980496191 89.50320044862131 55.33630980496191 138.8429811819213 120.23870645614815 138.8429811819213 138.8429811819213 120.23870645614815 89.50320044862131 138.8429811819213 111.27617422967072 120.23870645614815 120.23870645614815 138.8429811819213 138.8429811819213 111.27617422967072 120.23870645614815 89.50320044862131 120.23870645614815 138.8429811819213 120.23870645614815 0.0 138.8429811819213 55.33630980496191
138.8429811819213 89.50320044862131 65.70095390900187 138.8429811819213 111.27617422967072 120.23870645614815 138.8429811819213 55.33630980496191 111.27617422967072 111.27617422967072 138.8429811819213 65.70095390900187 138.8429811819213 65.70095390900187 111.27617422967072 65.70095390900187 138.8429811819213 120.23870645614815 111.27617422967072 111.27617422967072 120.23870645614815 120.23870645614815 138.8429811819213 0.0 89.50320044862131
120.23870645614815 111.27617422967072 55.33630980496191 89.50320044862131 55.33630980496191 138.8429811819213 111.27617422967072 65.70095390900187 55.33630980496191 120.23870645614815 55.33630980496191 55.33630980496191 111.27617422967072 111.27617422967072 89.50320044862131 120.23870645614815 111.27617422967072 89.50320044862131 120.23870645614815 120.23870645614815 89.50320044862131 89.50320044862131 55.33630980496191 89.50320044862131 0.0
