25
0.0 96.76044743299298 90.5727408356723 166.19972522066317 73.86903597922765 83.18710508460288 99.80214919404364 89.96487129649134 110.31707681132912 100.58920161445755 102.23110228722125 52.048654067460326 52.048654067460326 99.80214919404364 58.77711381275977 84.44058686191832 100.58920161445755 83.18710508460288 99.80214919404364 53.02759850044763 82.31578673507312 134.67714247082745 133.66689574564256 133.66689574564256 89.97663362499208
96.76044743299298 0.0 89.96487129649134 102.23110228722125 133.66689574564256 73.86903597922765 89.97663362499208 149.71816067879453 87.20604793011911 87.20604793011911 56.40824502754386 113.97084333458821 99.80214919404364 89.97663362499208 134.67714247082745 58.77711381275977 122.29888205604385 56.40824502754386 56.40824502754386 117.34670843752363 117.34670843752363 89.97663362499208 52.048654067460326 83.18710508460288 96.78802455415665
90.5727408356723 89.96487129649134 0.0 92.22876773848259 122.29888205604385 96.78802455415665 58.77711381275977 110.31707681132912 90.5727408356723 133.66689574564256 73.86903597922765 95.63762225451329 92.22876773848259 52.048654067460326 89.96487129649134 117.34670843752363 73.22906528827308 140.71696133967777 84.44058686191832 134.67714247082745 96.78802455415665 58.77711381275977 140.71696133967777 166.19972522066317 73.22906528827308
166.19972522066317 102.23110228722125 92.22876773848259 0.0 83.18710508460288 100.58920161445755 96.76044743299298 84.44058686191832 133.66689574564256 84.44058686191832 149.71816067879453 58.77711381275977 89.43088628044025 140.71696133967777 99.80214919404364 110.31707681132912 73.86903597922765 53.02759850044763 117.34670843752363 122.29888205604385 90.5727408356723 92.22876773848259 102.23110228722125 100.58920161445755 92.22876773848259
73.86903597922765 133.66689574564256 122.29888205604385 83.18710508460288 0.0 133.66689574564256 112.35883568586712 83.18710508460288 99.80214919404364 89.97663362499208 87.20604793011911 166.19972522066317 83.18710508460288 73.22906528827308 58.77711381275977 149.71816067879453 52.048654067460326 140.71696133967777 89.96487129649134 52.048654067460326 58.77711381275977 95.63762225451329 58.77711381275977 95.63762225451329 82.31578673507312
83.18710508460288 73.86903597922765 96.78802455415665 100.58920161445755 133.66689574564256 0.0 53.02759850044763 133.66689574564256 134.67714247082745 82.31578673507312 112.35883568586712 95.63762225451329 90.5727408356723 83.18710508460288 83.18710508460288 89.96487129649134 99.80214919404364 96.78802455415665 149.71816067879453 133.66689574564256 52.048654067460326 113.97084333458821 89.43088628044025 99.80214919404364 73.86903597922765
99.80214919404364 89.97663362499208 58.77711381275977 96.76044743299298 112.35883568586712 53.02759850044763 0.0 117.34670843752363 122.29888205604385 89.43088628044025 87.20604793011911 96.76044743299298 149.71816067879453 87.20604793011911 92.22876773848259 96.78802455415665 82.31578673507312 110.31707681132912 133.66689574564256 102.23110228722125 89.43088628044025 52.048654067460326 99.80214919404364 134.67714247082745 52.048654067460326
89.96487129649134 149.71816067879453 110.31707681132912 84.44058686191832 83.18710508460288 133.66689574564256 117.34670843752363 0.0 122.29888205604385 113.97084333458821 52.048654067460326 122.29888205604385 53.02759850044763 89.97663362499208 83.18710508460288 73.86903597922765 56.40824502754386 166.19972522066317 89.43088628044025 117.34670843752363 82.31578673507312 96.76044743299298 96.78802455415665 100.58920161445755 58.77711381275977
110.31707681132912 87.20604793011911 90.5727408356723 133.66689574564256 99.80214919404364 134.67714247082745 122.29888205604385 122.29888205604385 0.0 52.048654067460326 102.23110228722125 113.97084333458821 56.40824502754386 96.78802455415665 122.29888205604385 122.29888205604385 58.77711381275977 82.31578673507312 134.67714247082745 89.43088628044025 58.77711381275977 56.40824502754386 73.22906528827308 99.80214919404364 73.86903597922765
100.58920161445755 87.20604793011911 133.66689574564256 84.44058686191832 89.97663362499208 82.31578673507312 89.43088628044025 113.97084333458821 52.048654067460326 0.0 113.97084333458821 96.76044743299298 53.02759850044763 56.40824502754386 133.66689574564256 90.5727408356723 140.71696133967777 140.71696133967777 92.22876773848259 53.02759850044763 100.58920161445755 87.20604793011911 96.76044743299298 89.96487129649134 140.71696133967777
102.23110228722125 56.40824502754386 73.86903597922765 149.71816067879453 87.20604793011911 112.35883568586712 87.20604793011911 52.048654067460326 102.23110228722125 113.97084333458821 0.0 73.86903597922765 82.31578673507312 140.71696133967777 102.23110228722125 122.29888205604385 96.76044743299298 134.67714247082745 112.35883568586712 122.29888205604385 52.048654067460326 149.71816067879453 110.31707681132912 133.66689574564256 58.77711381275977
52.048654067460326 113.97084333458821 95.63762225451329 58.77711381275977 166.19972522066317 95.63762225451329 96.76044743299298 122.29888205604385 113.97084333458821 96.76044743299298 73.86903597922765 0.0 56.40824502754386 134.67714247082745 52.048654067460326 92.22876773848259 149.71816067879453 134.67714247082745 96.78802455415665 100.58920161445755 90.5727408356723 96.76044743299298 166.19972522066317 166.19972522066317 73.22906528827308
52.048654067460326 99.80214919404364 92.22876773848259 89.43088628044025 83.18710508460288 90.5727408356723 149.71816067879453 53.02759850044763 56.40824502754386 53.02759850044763 82.31578673507312 56.40824502754386 0.0 90.5727408356723 53.02759850044763 110.31707681132912 110.31707681132912 122.29888205604385 117.34670843752363 83.18710508460288 149.71816067879453 82.31578673507312 100.58920161445755 166.19972522066317 89.97663362499208
99.80214919404364 89.97663362499208 52.048654067460326 140.71696133967777 73.22906528827308 83.18710508460288 87.20604793011911 89.97663362499208 96.78802455415665 56.40824502754386 140.71696133967777 134.67714247082745 90.5727408356723 0.0 112.35883568586712 73.22906528827308 122.29888205604385 89.96487129649134 89.96487129649134 96.78802455415665 82.31578673507312 110.31707681132912 96.78802455415665 73.22906528827308 133.66689574564256
58.77711381275977 134.67714247082745 89.96487129649134 99.80214919404364 58.77711381275977 83.18710508460288 92.22876773848259 83.18710508460288 122.29888205604385 133.66689574564256 102.23110228722125 52.048654067460326 53.02759850044763 112.35883568586712 0.0 140.71696133967777 89.43088628044025 110.31707681132912 56.40824502754386 110.31707681132912 96.76044743299298 113.97084333458821 140.71696133967777 52.048654067460326 102.23110228722125
84.44058686191832 58.77711381275977 117.34670843752363 110.31707681132912 149.71816067879453 89.96487129649134 96.78802455415665 73.86903597922765 122.29888205604385 90.5727408356723 122.29888205604385 92.22876773848259 110.31707681132912 73.22906528827308 140.71696133967777 0.0 112.35883568586712 89.43088628044025 112.35883568586712 166.19972522066317 92.22876773848259 117.34670843752363 73.22906528827308 56.40824502754386 149.71816067879453
100.58920161445755 122.29888205604385 73.22906528827308 73.86903597922765 52.048654067460326 99.80214919404364 82.31578673507312 56.40824502754386 58.77711381275977 140.71696133967777 96.76044743299298 149.71816067879453 110.31707681132912 122.29888205604385 89.43088628044025 112.35883568586712 0.0 112.35883568586712 102.23110228722125 58.77711381275977 112.35883568586712 83.18710508460288 100.58920161445755 82.31578673507312 58.77711381275977
83.18710508460288 56.40824502754386 140.71696133967777 53.02759850044763 140.71696133967777 96.78802455415665 110.31707681132912 166.19972522066317 82.31578673507312 140.71696133967777 134.67714247082745 134.67714247082745 122.29888205604385 89.96487129649134 110.31707681132912 89.43088628044025 112.35883568586712 0.0 84.44058686191832 95.63762225451329 52.048654067460326 82.31578673507312 140.71696133967777 83.18710508460288 52.048654067460326
99.80214919404364 56.40824502754386 84.44058686191832 117.34670843752363 89.96487129649134 149.71816067879453 133.66689574564256 89.43088628044025 134.67714247082745 92.22876773848259 112.35883568586712 96.78802455415665 117.34670843752363 89.96487129649134 56.40824502754386 112.35883568586712 102.23110228722125 84.44058686191832 0.0 87.20604793011911 149.71816067879453 112.35883568586712 87.20604793011911 89.96487129649134 95.63762225451329
53.02759850044763 117.34670843752363 134.67714247082745 122.29888205604385 52.048654067460326 133.66689574564256 102.23110228722125 117.34670843752363 89.43088628044025 53.02759850044763 122.29888205604385 100.58920161445755 83.18710508460288 96.78802455415665 110.31707681132912 166.19972522066317 58.77711381275977 95.63762225451329 87.20604793011911 0.0 92.22876773848259 89.43088628044025 99.80214919404364 92.22876773848259 95.63762225451329
82.31578673507312 117.34670843752363 96.78802455415665 90.5727408356723 58.77711381275977 52.048654067460326 89.43088628044025 82.31578673507312 58.77711381275977 100.58920161445755 52.048654067460326 90.5727408356723 149.71816067879453 82.31578673507312 96.76044743299298 92.22876773848259 112.35883568586712 52.048654067460326 149.71816067879453 92.22876773848259 0.0 90.5727408356723 89.96487129649134 89.96487129649134 83.18710508460288
134.67714247082745 89.97663362499208 58.77711381275977 92.22876773848259 95.63762225451329 113.97084333458821 52.048654067460326 96.76044743299298 56.40824502754386 87.20604793011911 149.71816067879453 96.76044743299298 82.31578673507312 110.31707681132912 113.97084333458821 117.34670843752363 83.18710508460288 82.31578673507312 112.35883568586712 89.43088628044025 90.5727408356723 0.0 89.96487129649134 110.31707681132912 95.63762225451329
133.66689574564256 52.048654067460326 140.71696133967777 102.23110228722125 58.77711381275977 89.43088628044025 99.80214919404364 96.78802455415665 73.22906528827308 96.76044743299298 110.31707681132912 166.19972522066317 100.58920161445755 96.78802455415665 140.71696133967777 73.22906528827308 100.58920161445755 140.71696133967777 87.20604793011911 99.80214919404364 89.96487129649134 89.96487129649134 0.0 84.44058686191832 58.77711381275977
133.66689574564256 83.18710508460288 166.19972522066317 100.58920161445755 95.63762225451329 99.80214919404364 134.67714247082745 100.58920161445755 99.80214919404364 89.96487129649134 133.66689574564256 166.19972522066317 166.19972522066317 73.22906528827308 52.048654067460326 56.40824502754386 82.31578673507312 83.18710508460288 89.96487129649134 92.22876773848259 89.96487129649134 110.31707681132912 84.44058686191832 0.0 73.86903597922765
89.97663362499208 96.78802455415665 73.22906528827308 92.22876773848259 82.31578673507312 73.86903597922765 52.048654067460326 58.77711381275977 73.86903597922765 140.71696133967777 58.77711381275977 73.22906528827308 89.97663362499208 133.66689574564256 102.23110228722125 149.71816067879453 58.77711381275977 52.048654067460326 95.63762225451329 95.63762225451329 83.18710508460288 95.63762225451329 58.77711381275977 73.86903597922765 0.0
