25
0.0 101.91263200917204 101.91263200917204 105.50679541749315 101.91263200917204 100.48572568167175 100.48572568167175 105.50679541749315 105.50679541749315 100.48572568167175 105.50679541749315 97.79555064756941 101.39683378191394 105.0013754100029 105.0013754100029 100.48572568167175 101.91263200917204 101.39683378191394 101.39683378191394 105.0013754100029 105.50679541749315 101.91263200917204 100.48572568167175 105.0013754100029 101.39683378191394
101.91263200917204 0.0 97.79555064756941 105.0013754100029 101.39683378191394 105.50679541749315 105.50679541749315 105.50679541749315 101.39683378191394 97.79555064756941 101.91263200917204 101.91263200917204 105.0013754100029 97.79555064756941 101.39683378191394 101.39683378191394 101.39683378191394 101.91263200917204 101.39683378191394 97.79555064756941 101.91263200917204 101.39683378191394 105.0013754100029 101.39683378191394 100.48572568167175
101.91263200917204 97.79555064756941 0.0 101.91263200917204 105.0013754100029 105.50679541749315 105.0013754100029 105.0013754100029 101.91263200917204 100.48572568167175 97.79555064756941 97.79555064756941 97.79555064756941 100.48572568167175 101.39683378191394 97.79555064756941 101.39683378191394 101.91263200917204 105.50679541749315 101.39683378191394 101.91263200917204 100.48572568167175 105.0013754100029 105.0013754100029 100.48572568167175
105.50679541749315 105.0013754100029 101.91263200917204 0.0 100.48572568167175 101.39683378191394 105.50679541749315 101.91263200917204 100.48572568167175 101.91263200917204 105.0013754100029 97.79555064756941 97.79555064756941 105.0013754100029 105.50679541749315 105.0013754100029 101.39683378191394 105.50679541749315 105.0013754100029 105.50679541749315 105.0013754100029 97.79555064756941 101.39683378191394 97.79555064756941 101.39683378191394
101.91263200917204 101.39683378191394 105.0013754100029 100.48572568167175 0.0 101.39683378191394 105.0013754100029 105.50679541749315 97.79555064756941 100.48572568167175 97.79555064756941 97.79555064756941 101.39683378191394 101.91263200917204 105.50679541749315 105.50679541749315 105.50679541749315 97.79555064756941 97.79555064756941 105.0013754100029 100.48572568167175 105.50679541749315 97.79555064756941 101.39683378191394 100.48572568167175
100.48572568167175 105.50679541749315 105.50679541749315 101.39683378191394 101.39683378191394 0.0 101.91263200917204 101.91263200917204 101.91263200917204 105.0013754100029 105.0013754100029 105.50679541749315 105.50679541749315 97.79555064756941 105.50679541749315 100.48572568167175 101.39683378191394 105.0013754100029 101.39683378191394 105.50679541749315 105.0013754100029 101.91263200917204 100.48572568167175 105.50679541749315 101.39683378191394
100.48572568167175 105.50679541749315 105.0013754100029 105.50679541749315 105.0013754100029 101.91263200917204 0.0 105.50679541749315 100.48572568167175 105.0013754100029 105.50679541749315 101.39683378191394 105.0013754100029 105.50679541749315 105.50679541749315 101.91263200917204 97.79555064756941 105.50679541749315 101.39683378191394 100.48572568167175 101.39683378191394 101.91263200917204 101.39683378191394 105.0013754100029 101.91263200917204
105.50679541749315 105.50679541749315 105.0013754100029 101.91263200917204 105.50679541749315 101.91263200917204 105.50679541749315 0.0 100.48572568167175 100.48572568167175 105.0013754100029 105.0013754100029 105.50679541749315 105.50679541749315 97.79555064756941 105.0013754100029 105.50679541749315 101.91263200917204 101.39683378191394 101.91263200917204 105.0013754100029 101.39683378191394 100.48572568167175 100.48572568167175 101.39683378191394
105.50679541749315 101.39683378191394 101.91263200917204 100.48572568167175 97.79555064756941 101.91263200917204 100.48572568167175 100.48572568167175 0.0 105.50679541749315 105.50679541749315 101.39683378191394 100.48572568167175 101.39683378191394 105.50679541749315 105.50679541749315 105.0013754100029 105.50679541749315 97.79555064756941 101.91263200917204 101.91263200917204 101.39683378191394 100.48572568167175 100.48572568167175 105.50679541749315
100.48572568167175 97.79555064756941 100.48572568167175 101.91263200917204 100.48572568167175 105.0013754100029 105.0013754100029 100.48572568167175 105.50679541749315 0.0 97.79555064756941 105.50679541749315 105.0013754100029 101.39683378191394 101.39683378191394 100.48572568167175 105.50679541749315 101.91263200917204 101.91263200917204 105.50679541749315 105.50679541749315 101.39683378191394 101.39683378191394 97.79555064756941 105.50679541749315
105.50679541749315 101.91263200917204 97.79555064756941 105.0013754100029 97.79555064756941 105.0013754100029 105.50679541749315 105.0013754100029 105.50679541749315 97.79555064756941 0.0 105.0013754100029 97.79555064756941 105.0013754100029 101.39683378191394 105.50679541749315 100.48572568167175 100.48572568167175 101.39683378191394 101.91263200917204 101.91263200917204 101.39683378191394 105.0013754100029 101.39683378191394 105.50679541749315
97.79555064756941 101.91263200917204 97.79555064756941 97.79555064756941 97.79555064756941 105.50679541749315 101.39683378191394 105.0013754100029 101.39683378191394 105.50679541749315 105.0013754100029 0.0 97.79555064756941 105.0013754100029 105.50679541749315 105.0013754100029 101.39683378191394 100.48572568167175 100.48572568167175 105.0013754100029 105.0013754100029 97.79555064756941 97.79555064756941 100.48572568167175 100.48572568167175
101.39683378191394 105.0013754100029 97.79555064756941 97.79555064756941 101.39683378191394 105.50679541749315 105.0013754100029 105.50679541749315 100.48572568167175 105.0013754100029 97.79555064756941 97.79555064756941 0.0 97.79555064756941 101.91263200917204 105.50679541749315 101.39683378191394 105.50679541749315 101.91263200917204 101.91263200917204 101.91263200917204 101.39683378191394 101.91263200917204 105.0013754100029 97.79555064756941
105.0013754100029 97.79555064756941 100.48572568167175 105.0013754100029 101.91263200917204 97.79555064756941 105.50679541749315 105.50679541749315 101.39683378191394 101.39683378191394 105.0013754100029 105.0013754100029 97.79555064756941 0.0 101.91263200917204 101.91263200917204 105.0013754100029 100.48572568167175 97.79555064756941 101.39683378191394 105.0013754100029 101.39683378191394 101.91263200917204 101.91263200917204 105.0013754100029
105.0013754100029 101.39683378191394 101.39683378191394 105.50679541749315 105.50679541749315 105.50679541749315 105.50679541749315 97.79555064756941 105.50679541749315 101.39683378191394 101.39683378191394 105.50679541749315 101.91263200917204 101.91263200917204 0.0 101.39683378191394 105.50679541749315 105.0013754100029 105.0013754100029 105.50679541749315 105.0013754100029 105.0013754100029 101.39683378191394 101.91263200917204 100.48572568167175
100.48572568167175 101.39683378191394 97.79555064756941 105.0013754100029 105.50679541749315 100.48572568167175 101.91263200917204 105.0013754100029 105.50679541749315 100.48572568167175 105.50679541749315 105.0013754100029 105.50679541749315 101.91263200917204 101.39683378191394 0.0 105.0013754100029 105.0013754100029 105.50679541749315 97.79555064756941 100.48572568167175 101.91263200917204 101.39683378191394 97.79555064756941 97.79555064756941
101.91263200917204 101.39683378191394 101.39683378191394 101.39683378191394 105.50679541749315 101.39683378191394 97.79555064756941 105.50679541749315 105.0013754100029 105.50679541749315 100.48572568167175 101.39683378191394 101.39683378191394 105.0013754100029 105.50679541749315 105.0013754100029 0.0 105.0013754100029 101.91263200917204 100.48572568167175 105.0013754100029 97.79555064756941 100.48572568167175 101.39683378191394 101.39683378191394
101.39683378191394 101.91263200917204 101.91263200917204 105.50679541749315 97.79555064756941 105.0013754100029 105.50679541749315 101.91263200917204 105.50679541749315 101.91263200917204 100.48572568167175 100.48572568167175 105.50679541749315 100.48572568167175 105.0013754100029 105.0013754100029 105.0013754100029 0.0 105.0013754100029 105.50679541749315 101.39683378191394 100.48572568167175 100.48572568167175 105.50679541749315 105.0013754100029
101.39683378191394 101.39683378191394 105.50679541749315 105.0013754100029 97.79555064756941 101.39683378191394 101.39683378191394 101.39683378191394 97.79555064756941 101.91263200917204 101.39683378191394 100.48572568167175 101.91263200917204 97.79555064756941 105.0013754100029 105.50679541749315 101.91263200917204 105.0013754100029 0.0 100.48572568167175 101.91263200917204 101.91263200917204 105.50679541749315 101.91263200917204 105.50679541749315
105.0013754100029 97.79555064756941 101.39683378191394 105.50679541749315 105.0013754100029 105.50679541749315 100.48572568167175 101.91263200917204 101.91263200917204 105.50679541749315 101.91263200917204 105.0013754100029 101.91263200917204 101.39683378191394 105.50679541749315 97.79555064756941 100.48572568167175 105.50679541749315 100.48572568167175 0.0 101.39683378191394 105.50679541749315 97.79555064756941 97.79555064756941 101.91263200917204
105.50679541749315 101.91263200917204 101.91263200917204 105.0013754100029 100.48572568167175 105.0013754100029 101.39683378191394 105.0013754100029 101.91263200917204 105.50679541749315 101.91263200917204 105.0013754100029 101.91263200917204 105.0013754100029 105.0013754100029 100.48572568167175 105.0013754100029 101.39683378191394 101.91263200917204 101.39683378191394 0.0 105.0013754100029 105.50679541749315 101.39683378191394 97.79555064756941
101.91263200917204 101.39683378191394 100.48572568167175 97.79555064756941 105.50679541749315 101.91263200917204 101.91263200917204 101.39683378191394 101.39683378191394 101.39683378191394 101.39683378191394 97.79555064756941 101.39683378191394 101.39683378191394 105.0013754100029 101.91263200917204 97.79555064756941 100.48572568167175 101.91263200917204 105.50679541749315 105.0013754100029 0.0 101.39683378191394 97.79555064756941 105.0013754100029
100.48572568167175 105.0013754100029 105.0013754100029 101.39683378191394 97.79555064756941 100.48572568167175 101.39683378191394 100.48572568167175 100.48572568167175 101.39683378191394 105.0013754100029 97.79555064756941 101.91263200917204 101.91263200917204 101.39683378191394 101.39683378191394 100.48572568167175 100.48572568167175 105.50679541749315 97.79555064756941 105.50679541749315 101.39683378191394 0.0 105.0013754100029 105.0013754100029
105.0013754100029 101.39683378191394 105.0013754100029 97.79555064756941 101.39683378191394 105.50679541749315 105.0013754100029 100.48572568167175 100.48572568167175 97.79555064756941 101.39683378191394 100.48572568167175 105.0013754100029 101.91263200917204 101.91263200917204 97.79555064756941 101.39683378191394 105.50679541749315 101.91263200917204 97.79555064756941 101.39683378191394 97.79555064756941 105.0013754100029 0.0 101.39683378191394
101.39683378191394 100.48572568167175 100.48572568167175 101.39683378191394 100.48572568167175 101.39683378191394 101.91263200917204 101.39683378191394 105.50679541749315 105.50679541749315 105.50679541749315 100.48572568167175 97.79555064756941 105.0013754100029 100.48572568167175 97.79555064756941 101.39683378191394 105.0013754100029 105.50679541749315 101.91263200917204 97.79555064756941 105.0013754100029 105.0013754100029 101.39683378191394 0.0
