25
0.0 96.75447620594535 99.51982095285447 97.4501120402954 104.35175359381942 94.36605907728335 97.76297233357994 97.94819994680999 105.09881910128259 99.18508053567774 102.4052809489356 95.21346756522881 95.54825610467267 99.51982095285447 97.83341517012123 104.32191177756874 94.36605907728335 99.51982095285447 88.99386374219233 104.35175359381942 102.4052809489356 98.89156918648276 98.12604521867884 104.35175359381942 96.75447620594535
96.75447620594535 0.0 99.22773191121668 92.49277142917343 99.22773191121668 97.4501120402954 98.89156918648276 96.75447620594535 101.64283042388165 99.51982095285447 97.94819994680999 105.09881910128259 99.22773191121668 97.4501120402954 101.64283042388165 105.02479941191702 102.36804269332518 102.04146403973796 97.83341517012123 100.03426339754473 93.74775770235819 100.03426339754473 95.21346756522881 97.94819994680999 98.12604521867884
99.51982095285447 99.22773191121668 0.0 88.99386374219233 104.32191177756874 105.09881910128259 101.68701942749982 95.54825610467267 97.83341517012123 102.4052809489356 88.99386374219233 95.54825610467267 102.04146403973796 94.36605907728335 100.63833063730614 95.21346756522881 99.22773191121668 98.12604521867884 102.36804269332518 90.4944049794613 102.36804269332518 92.49277142917343 92.49277142917343 100.03426339754473 97.76297233357994
97.4501120402954 92.49277142917343 88.99386374219233 0.0 104.35175359381942 98.12604521867884 97.83341517012123 93.74775770235819 102.04146403973796 94.36605907728335 99.18508053567774 94.36605907728335 104.35175359381942 105.02479941191702 88.99386374219233 99.22773191121668 104.32191177756874 92.49277142917343 92.49277142917343 96.75447620594535 99.51982095285447 102.19856936478432 88.99386374219233 105.09881910128259 98.12604521867884
104.35175359381942 99.22773191121668 104.32191177756874 104.35175359381942 0.0 88.99386374219233 95.54825610467267 101.64283042388165 102.19856936478432 98.12604521867884 95.21346756522881 95.21346756522881 100.63833063730614 104.35175359381942 104.32191177756874 95.21346756522881 99.18508053567774 104.35175359381942 102.36804269332518 95.54825610467267 102.04146403973796 105.09881910128259 102.36804269332518 99.51982095285447 95.54825610467267
94.36605907728335 97.4501120402954 105.09881910128259 98.12604521867884 88.99386374219233 0.0 97.83341517012123 99.18508053567774 102.19856936478432 97.83341517012123 90.4944049794613 95.21346756522881 102.19856936478432 88.99386374219233 96.75447620594535 105.02479941191702 99.51982095285447 100.63833063730614 99.62452798833725 99.51982095285447 96.75447620594535 100.63833063730614 90.4944049794613 98.89156918648276 99.22773191121668
97.76297233357994 98.89156918648276 101.68701942749982 97.83341517012123 95.54825610467267 97.83341517012123 0.0 102.36804269332518 99.22773191121668 102.36804269332518 104.35175359381942 104.32191177756874 99.18508053567774 99.62452798833725 99.62452798833725 105.02479941191702 97.4501120402954 100.63833063730614 104.35175359381942 99.22773191121668 90.4944049794613 99.22773191121668 97.35662897628359 95.54825610467267 104.35175359381942
97.94819994680999 96.75447620594535 95.54825610467267 93.74775770235819 101.64283042388165 99.18508053567774 102.36804269332518 0.0 102.4052809489356 100.63833063730614 105.09881910128259 95.21346756522881 99.51982095285447 92.49277142917343 102.4052809489356 99.22773191121668 100.03426339754473 104.35175359381942 95.54825610467267 99.62452798833725 102.04146403973796 93.74775770235819 102.36804269332518 98.12604521867884 95.54825610467267
105.09881910128259 101.64283042388165 97.83341517012123 102.04146403973796 102.19856936478432 102.19856936478432 99.22773191121668 102.4052809489356 0.0 100.03426339754473 88.99386374219233 101.68701942749982 102.19856936478432 98.12604521867884 99.18508053567774 97.35662897628359 105.09881910128259 101.68701942749982 98.89156918648276 105.02479941191702 104.32191177756874 102.04146403973796 105.02479941191702 94.36605907728335 98.12604521867884
99.18508053567774 99.51982095285447 102.4052809489356 94.36605907728335 98.12604521867884 97.83341517012123 102.36804269332518 100.63833063730614 100.03426339754473 0.0 92.49277142917343 95.54825610467267 100.63833063730614 104.32191177756874 99.22773191121668 100.03426339754473 98.89156918648276 99.62452798833725 102.36804269332518 99.22773191121668 104.35175359381942 99.51982095285447 95.54825610467267 92.49277142917343 88.99386374219233
102.4052809489356 97.94819994680999 88.99386374219233 99.18508053567774 95.21346756522881 90.4944049794613 104.35175359381942 105.09881910128259 88.99386374219233 92.49277142917343 0.0 92.49277142917343 99.62452798833725 104.32191177756874 101.68701942749982 93.74775770235819 101.64283042388165 97.83341517012123 97.94819994680999 102.19856936478432 98.12604521867884 100.03426339754473 98.89156918648276 97.76297233357994 102.19856936478432
95.21346756522881 105.09881910128259 95.54825610467267 94.36605907728335 95.21346756522881 95.21346756522881 104.32191177756874 95.21346756522881 101.68701942749982 95.54825610467267 92.49277142917343 0.0 95.21346756522881 101.64283042388165 95.54825610467267 100.63833063730614 102.36804269332518 97.94819994680999 97.83341517012123 99.62452798833725 97.35662897628359 100.03426339754473 100.03426339754473 93.74775770235819 92.49277142917343
95.54825610467267 99.22773191121668 102.04146403973796 104.35175359381942 100.63833063730614 102.19856936478432 99.18508053567774 99.51982095285447 102.19856936478432 100.63833063730614 99.62452798833725 95.21346756522881 0.0 105.02479941191702 95.21346756522881 102.36804269332518 95.21346756522881 105.09881910128259 98.12604521867884 102.36804269332518 104.32191177756874 100.63833063730614 92.49277142917343 99.22773191121668 99.62452798833725
99.51982095285447 97.4501120402954 94.36605907728335 105.02479941191702 104.35175359381942 88.99386374219233 99.62452798833725 92.49277142917343 98.12604521867884 104.32191177756874 104.32191177756874 101.64283042388165 105.02479941191702 0.0 99.22773191121668 88.99386374219233 101.68701942749982 99.22773191121668 98.12604521867884 104.35175359381942 104.32191177756874 102.19856936478432 95.21346756522881 99.62452798833725 99.62452798833725
97.83341517012123 101.64283042388165 100.63833063730614 88.99386374219233 104.32191177756874 96.75447620594535 99.62452798833725 102.4052809489356 99.18508053567774 99.22773191121668 101.68701942749982 95.54825610467267 95.21346756522881 99.22773191121668 0.0 97.35662897628359 97.76297233357994 102.4052809489356 95.54825610467267 93.74775770235819 100.63833063730614 104.35175359381942 102.04146403973796 102.19856936478432 105.09881910128259
104.32191177756874 105.02479941191702 95.21346756522881 99.22773191121668 95.21346756522881 105.02479941191702 105.02479941191702 99.22773191121668 97.35662897628359 100.03426339754473 93.74775770235819 100.63833063730614 102.36804269332518 88.99386374219233 97.35662897628359 0.0 97.83341517012123 99.18508053567774 98.12604521867884 97.4501120402954 97.76297233357994 101.68701942749982 97.4501120402954 92.49277142917343 104.32191177756874
94.36605907728335 102.36804269332518 99.22773191121668 104.32191177756874 99.18508053567774 99.51982095285447 97.4501120402954 100.03426339754473 105.09881910128259 98.89156918648276 101.64283042388165 102.36804269332518 95.21346756522881 101.68701942749982 97.76297233357994 97.83341517012123 0.0 94.36605907728335 101.68701942749982 101.68701942749982 102.4052809489356 99.22773191121668 105.02479941191702 101.64283042388165 93.74775770235819
99.51982095285447 102.04146403973796 98.12604521867884 92.49277142917343 104.35175359381942 100.63833063730614 100.63833063730614 104.35175359381942 101.68701942749982 99.62452798833725 97.83341517012123 97.94819994680999 105.09881910128259 99.22773191121668 102.4052809489356 99.18508053567774 94.36605907728335 0.0 104.32191177756874 97.35662897628359 93.74775770235819 97.83341517012123 100.03426339754473 90.4944049794613 99.51982095285447
88.99386374219233 97.83341517012123 102.36804269332518 92.49277142917343 102.36804269332518 99.62452798833725 104.35175359381942 95.54825610467267 98.89156918648276 102.36804269332518 97.94819994680999 97.83341517012123 98.12604521867884 98.12604521867884 95.54825610467267 98.12604521867884 101.68701942749982 104.32191177756874 0.0 97.76297233357994 97.35662897628359 99.22773191121668 105.09881910128259 94.36605907728335 97.76297233357994
104.35175359381942 100.03426339754473 90.4944049794613 96.75447620594535 95.54825610467267 99.51982095285447 99.22773191121668 99.62452798833725 105.02479941191702 99.22773191121668 102.19856936478432 99.62452798833725 102.36804269332518 104.35175359381942 93.74775770235819 97.4501120402954 101.68701942749982 97.35662897628359 97.76297233357994 0.0 104.35175359381942 90.4944049794613 97.94819994680999 90.4944049794613 93.74775770235819
102.4052809489356 93.74775770235819 102.36804269332518 99.51982095285447 102.04146403973796 96.75447620594535 90.4944049794613 102.04146403973796 104.32191177756874 104.35175359381942 98.12604521867884 97.35662897628359 104.32191177756874 104.32191177756874 100.63833063730614 97.76297233357994 102.4052809489356 93.74775770235819 97.35662897628359 104.35175359381942 0.0 88.99386374219233 90.4944049794613 97.83341517012123 104.32191177756874
98.89156918648276 100.03426339754473 92.49277142917343 102.19856936478432 105.09881910128259 100.63833063730614 99.22773191121668 93.74775770235819 102.04146403973796 99.51982095285447 100.03426339754473 100.03426339754473 100.63833063730614 102.19856936478432 104.35175359381942 101.68701942749982 99.22773191121668 97.83341517012123 99.22773191121668 90.4944049794613 88.99386374219233 0.0 101.68701942749982 88.99386374219233 95.21346756522881
98.12604521867884 95.21346756522881 92.49277142917343 88.99386374219233 102.36804269332518 90.4944049794613 97.35662897628359 102.36804269332518 105.02479941191702 95.54825610467267 98.89156918648276 100.03426339754473 92.49277142917343 95.21346756522881 102.04146403973796 97.4501120402954 105.02479941191702 100.03426339754473 105.09881910128259 97.94819994680999 90.4944049794613 101.68701942749982 0.0 104.32191177756874 102.4052809489356
104.35175359381942 97.94819994680999 100.03426339754473 105.09881910128259 99.51982095285447 98.89156918648276 95.54825610467267 98.12604521867884 94.36605907728335 92.49277142917343 97.76297233357994 93.74775770235819 99.22773191121668 99.62452798833725 102.19856936478432 92.49277142917343 101.64283042388165 90.4944049794613 94.36605907728335 90.4944049794613 97.83341517012123 88.99386374219233 104.32191177756874 0.0 99.62452798833725
96.75447620594535 98.12604521867884 97.76297233357994 98.12604521867884 95.54825610467267 99.22773191121668 104.35175359381942 95.54825610467267 98.12604521867884 88.99386374219233 102.19856936478432 92.49277142917343 99.62452798833725 99.62452798833725 105.09881910128259 104.32191177756874 93.74775770235819 99.51982095285447 97.76297233357994 93.74775770235819 104.32191177756874 95.21346756522881 102.4052809489356 99.62452798833725 0.0
